greenWeights = [ 1.73670078  1.89787013 -2.1068828  -0.14895273  0.57721406] 

orangeWeights = [-2.25956514  0.136221   -0.70169153 -0.62082328 -0.61048248] 

 outputWeights = [ 1.14637906 -1.23899977  0.87997411 -0.14953449 -0.13085062 -0.1350168
  1.06990328  0.00433352 -0.05780651 -1.84420435  0.94453327 -2.54094809
 -1.48730065]